Centroid 1: 4.40 2.90 1.40 0.20 
Centroid 2: 4.80 3.40 1.90 0.20 
Centroid 3: 6.50 3.00 5.80 2.20 
Converged after 4 iterations
Centroid 1: 4.84 3.23 1.41 0.20 
Centroid 2: 5.23 3.48 1.86 0.44 
Centroid 3: 6.31 2.90 4.97 1.70 

Final mapping:
1,1,1,1,1,2,1,1,1,1,2,1,1,1,1,2,2,1,2,2,2,2,1,2,1,1,2,2,1,1,1,2,2,1,1,1,1,1,1,1,1,1,1,2,2,1,2,1,2,1,3,3,3,3,3,3,3,2,3,3,2,3,3,3,3,3,3,3,3,3,3,3,3,3,3,3,3,3,3,3,3,3,3,3,3,3,3,3,3,3,3,3,3,2,3,3,3,3,2,3,3,3,3,3,3,3,3,3,3,3,3,3,3,3,3,3,3,3,3,3,3,3,3,3,3,3,3,3,3,3,3,3,3,3,3,3,3,3,3,3,3,3,3,3,3,3,3,3,3,3
