Centroid 1: 0.03 0.01 0.03 0.02 -0.01 0.04 0.03 0.04 
0.04 0.03 0.04 0.04 0.02 0.03 0.04 0.02 
0.04 0.03 0.02 0.05 0.03 0.00 0.01 0.04 
0.01 0.02 0.00 0.00 0.02 0.03 0.04 0.03 
0.04 0.03 0.05 0.03 0.01 0.00 0.01 -0.00 
0.04 0.13 0.46 0.79 0.98 1.07 1.10 1.12 
1.13 1.14 1.14 1.14 1.13 1.13 1.13 1.13 
1.14 1.14 1.14 1.14 1.13 1.13 1.13 1.12 
1.12 1.13 1.14 1.14 1.14 1.14 1.14 1.14 
1.14 1.13 1.13 1.13 1.13 1.13 1.14 1.14 
1.14 1.14 1.14 1.14 1.14 1.14 1.14 1.13 
0.66 0.33 0.15 0.07 0.05 0.03 0.01 0.02 
0.03 0.04 0.01 0.03 0.03 0.00 0.03 0.01 
0.01 0.03 0.03 0.03 0.02 0.03 0.00 0.02 
0.04 0.01 0.01 0.03 0.02 0.04 0.05 0.05 
0.05 0.02 0.01 0.04 0.03 0.03 0.05 0.00 
Centroid 2: 0.04 0.01 0.02 0.01 0.03 0.01 0.05 0.03 
0.03 0.02 0.02 0.03 0.00 0.02 0.04 0.04 
0.05 0.02 0.03 0.01 0.01 0.03 0.04 0.02 
0.02 0.02 0.05 0.00 0.03 0.05 0.00 0.04 
0.10 0.41 0.72 0.89 0.97 0.99 1.01 1.02 
1.02 1.03 1.03 1.03 1.03 1.02 1.03 1.03 
1.03 1.03 1.03 1.03 1.03 1.03 1.03 1.02 
1.03 1.03 1.03 1.03 1.03 1.02 1.03 1.03 
1.03 1.03 1.03 1.03 1.03 1.03 1.02 1.02 
1.02 1.02 1.02 1.02 1.03 1.03 1.03 1.03 
1.02 1.01 1.02 1.02 0.91 0.60 0.30 0.14 
0.06 0.04 0.04 0.01 0.04 0.04 0.04 0.02 
-0.00 0.01 0.01 0.04 0.02 0.04 0.01 0.05 
0.04 0.03 0.04 -0.00 0.11 0.43 0.75 0.93 
1.01 1.04 1.05 1.05 0.94 0.62 0.31 0.14 
0.06 0.05 0.05 0.01 0.01 0.01 0.02 0.03 
Centroid 3: 0.02 -0.00 -0.00 0.01 0.01 0.04 0.05 0.04 
0.05 0.06 0.05 0.04 0.05 0.03 0.03 0.01 
0.03 0.05 0.04 0.02 0.02 0.02 0.01 0.01 
0.02 0.01 0.03 0.01 0.03 0.03 0.02 0.02 
0.12 0.42 0.71 0.88 0.95 0.98 1.00 1.00 
1.00 1.01 1.01 1.01 1.02 1.01 1.01 1.00 
1.01 1.01 1.01 1.01 1.01 1.01 1.01 1.01 
1.00 1.00 1.00 1.00 1.00 1.01 1.01 1.01 
1.01 1.00 1.00 1.00 0.89 0.60 0.30 0.14 
0.06 0.03 0.01 0.03 0.05 0.02 0.03 0.01 
0.01 0.02 0.03 0.01 0.02 0.02 0.03 0.03 
0.01 0.01 0.00 0.02 0.00 0.03 0.05 0.02 
-0.00 0.03 0.04 0.00 -0.00 0.01 0.00 0.05 
0.04 0.01 0.02 0.02 0.02 0.04 0.05 0.03 
0.03 0.03 0.04 0.05 0.02 0.05 0.01 -0.01 
0.00 0.04 0.02 0.02 0.04 0.03 0.04 0.00 
Converged after 6 iterations
Centroid 1: 0.03 0.02 0.03 0.03 0.02 0.03 0.05 0.07 
0.11 0.16 0.20 0.22 0.24 0.24 0.22 0.18 
0.14 0.10 0.07 0.06 0.05 0.04 0.03 0.03 
0.02 0.03 0.02 0.02 0.02 0.03 0.03 0.03 
0.04 0.05 0.06 0.08 0.11 0.14 0.20 0.32 
0.47 0.62 0.74 0.84 0.91 0.95 0.97 0.99 
1.00 1.01 1.02 1.02 1.02 1.02 1.02 1.02 
1.02 1.02 1.02 1.02 1.02 1.02 1.02 1.02 
1.02 1.02 1.02 1.02 1.02 1.02 1.02 1.02 
1.02 1.02 1.02 1.02 1.02 1.02 1.02 1.02 
1.02 1.02 1.02 1.02 1.02 1.02 1.01 0.98 
0.91 0.84 0.75 0.65 0.54 0.44 0.36 0.30 
0.26 0.24 0.21 0.18 0.15 0.12 0.09 0.08 
0.07 0.06 0.07 0.09 0.13 0.16 0.19 0.22 
0.24 0.24 0.24 0.23 0.21 0.16 0.11 0.07 
0.05 0.04 0.03 0.03 0.02 0.02 0.03 0.02 
Centroid 2: 0.02 0.02 0.02 0.03 0.03 0.04 0.06 0.11 
0.17 0.21 0.23 0.24 0.23 0.22 0.19 0.16 
0.13 0.11 0.08 0.06 0.05 0.03 0.03 0.03 
0.02 0.03 0.02 0.02 0.02 0.02 0.03 0.04 
0.07 0.14 0.26 0.39 0.52 0.65 0.77 0.86 
0.92 0.96 0.98 1.00 1.00 1.01 1.01 1.01 
1.01 1.01 1.01 1.01 1.01 1.01 1.01 1.01 
1.01 1.01 1.01 1.01 1.01 1.01 1.01 1.01 
1.01 1.01 1.01 1.01 1.01 1.00 1.00 0.99 
0.99 0.99 0.98 0.96 0.92 0.89 0.86 0.82 
0.76 0.69 0.60 0.52 0.43 0.34 0.25 0.17 
0.11 0.07 0.04 0.03 0.03 0.03 0.02 0.03 
0.03 0.03 0.02 0.02 0.03 0.02 0.02 0.03 
0.02 0.02 0.03 0.04 0.06 0.09 0.11 0.13 
0.14 0.15 0.15 0.14 0.12 0.09 0.07 0.05 
0.03 0.03 0.03 0.03 0.02 0.02 0.02 0.03 
Centroid 3: 0.03 0.03 0.02 0.03 0.03 0.04 0.09 0.14 
0.22 0.30 0.35 0.38 0.37 0.34 0.31 0.26 
0.20 0.14 0.08 0.05 0.04 0.03 0.03 0.03 
0.03 0.03 0.02 0.03 0.02 0.02 0.02 0.02 
-0.01 -0.04 -0.09 -0.15 -0.22 -0.31 -0.40 -0.50 
-0.63 -0.77 -0.88 -0.95 -0.99 -1.01 -1.03 -1.03 
-1.03 -1.03 -1.03 -1.03 -1.03 -1.03 -1.03 -1.03 
-1.03 -1.03 -1.03 -1.03 -1.03 -1.03 -1.03 -1.03 
-1.03 -1.03 -1.03 -1.03 -1.02 -1.02 -1.02 -1.01 
-1.01 -1.01 -1.01 -1.01 -1.01 -1.01 -1.01 -1.00 
-0.99 -0.98 -0.95 -0.92 -0.88 -0.84 -0.80 -0.76 
-0.70 -0.64 -0.57 -0.51 -0.45 -0.40 -0.35 -0.29 
-0.22 -0.16 -0.11 -0.08 -0.06 -0.05 -0.03 -0.01 
0.01 0.02 0.05 0.08 0.11 0.15 0.21 0.26 
0.34 0.40 0.43 0.42 0.38 0.32 0.25 0.18 
0.12 0.07 0.05 0.04 0.03 0.03 0.03 0.03 

Final mapping:
3,2,2,1,3,3,2,1,1,3,1,3,3,3,3,2,3,2,2,1,1,3,1,1,2,3,2,1,1,3,2,1,2,1,2,3,1,2,3,1,3,3,2,1,3,2,3,3,3,1,2,1,1,1,2,2,1,2,2,1,1,1,1,1,2,2,1,1,1,2,2,1,2,2,2,1,1,2,1,2,1,1,2,2,2,2,1,2,2,1,2,2,1,1,1,1,2,2,1,2,3,1,3,3,1,1,2,1,2,3,1,1,3,1,3,1,1,3,2,3,3,2,1,1,3,2,1,3,3,3,1,3,3,1,1,1,3,3,2,3,3,3,3,3,1,1,3,3,3,3,3,3,3,1,3,3,3,3,2,1,1,2,2,2,1,1,1,2,2,1,3,3,2,3,2,1,3,3,3,3
Time elapsed: 0.0037560 seconds
